3,2
3,1
3,3
69,9
69,8
69,7
69,6
69,5
69,4
69,3
69,2
69,1
10,196
69,0
43,7
43,6
43,5
43,4
10,110
10,307
43,3
43,1
40,3
40,1
10,224
35,6
35,4
35,3
10,304
35,2
10,32
35,1
33,4
33,3
33,2
10,90
33,1
29,3
10,229
29,1
11,26
25,4
25,3
25,1
11,29
11,28
11,27
11,25
11,24
11,23
9,2
9,3
11,22
11,21
11,20
11,19
11,18
11,17
11,16
11,14
11,13
11,12
11,11
11,10
11,9
11,8
11,7
11,6
11,5
11,4
11,3
8,13
8,6
8,18
8,17
11,2
11,1
10,306
10,298
12,2
10,296
10,295
10,294
12,1
10,292
12,3
10,291
10,284
10,267
10,266
10,265
10,245
10,242
10,237
20,2
20,1
10,234
20,3
19,2
19,1
10,231
19,3
10,212
10,210
10,205
10,199
10,189
10,184
10,158
10,135
10,89
10,84
10,79
18,1
10,22
10,15
10,3
